 14  4 LoadDatas: 
LoadData:   10.000000  100.00000  1.0000000  1.0000000 
LoadData:   100.00000  100.00000  1.0000000  1.0000000 
LoadData:   1000.0000  100.00000  1.0000000  1.0000000 
LoadData:   10000.000  100.00000  1.0000000  1.0000000 
