 12  3 LoadDatas: 
LoadData:   1.8000000e4  1.3500000e02  1.1000000e01 
LoadData:   2.0000000e4  1.3500000e02  1.1000000e01 
