 12  3 LoadDatas: 
LoadData:   8.4000000e03  1.5600000e02  -1.6700000e01 
LoadData:   8.4500000e03  1.5600000e02  -1.6700000e01 
