 13  3 LoadDatas: 
LoadData:   8.0000000e03  1.3500000e02  -7.0000000e00 
LoadData:   1.0000000e4  1.3500000e02  -1.1000000e01 
LoadData:   1.2000000e4  1.3500000e02  -1.1000000e01 
