 13  3 LoadDatas: 
LoadData:   1.2000000e4  1.3500000e02  -1.1000000e01 
LoadData:   1.4000000e4  1.3500000e02  -1.4000000e01 
LoadData:   1.8000000e4  1.3500000e02  -1.4000000e01 
