 12  3 LoadDatas: 
LoadData:   3.5500000e4  1.3500000e02  7.0000000e00 
LoadData:   3.6000000e4  1.2600000e02  7.0000000e00 
