 13  3 LoadDatas: 
LoadData:   8.4000000e03  1.5600000e02  -8.0000000e00 
LoadData:   8.4400000e03  1.5600000e02  -1.2000000e01 
LoadData:   8.4500000e03  1.5600000e02  -1.2000000e01 
